	Agalychnis_lemur	Allobates_talamancae	Atelopus_zeteki	Bolitoglossa_colonnea	Bolitoglossa_schizodactyla	Cochranella_euknemos	Cochranella_granulosa	Colostethus_inguinalis	Colostethus_sp.	Craugastor_azueroensis	Craugastor_bransfordii	Craugastor_crassidigitus	Craugastor_gollmeri	Craugastor_megacephalus	Craugastor_noblei	Craugastor_punctariolus	Craugastor_sp.	Craugastor_tabasarae	Craugastor_talamancae	Dendrobates_auratus	Dendrobates_vicente	Diasporus_diastema	Diasporus_diastema_orange	Diasporus_peep	Diasporus_vocator	Ecnomiohyla_miliaria	Eleutherodactylus_podi-noblei	Eleutherodactylus_spp	Engystomops_pustulosus	Espadarana_prosoblepon	Gastrotheca_cornuta	Hyalinobatrachium_chirripoi	Hyalinobatrachium_colymbiphyllum	Hyalinobatrachium_talamancae	Hyalinobatrachium_vireovittatum	Hyloscirtus_colymba	Hyloscirtus_palmeri	Incilus_coniferus	Leptodactylus_mystacinus	Leptodactylus_pentadactylus	Lithobates_warszewitschii	Nelsonophryne_aterrima	Phyllobates_lugubris	Pristimantis_caryophyllaceus	Pristimantis_cerasinus	Pristimantis_cruentus	Pristimantis_cruentus_masonii	Pristimantis_gaigei	Pristimantis_museosus	Pristimantis_pardalis	Pristimantis_ridens	Ranitomeya_minutus	Rhaebo_haematiticus	Rhinella_marina	Sachatamia_albomaculata	Sachatamia_ilex	Silverstoneia_flotator	Silverstoneia_nubicola	Smilisca_phaeota	Strabomantis_bufoniformis	Teratohyla_spinosa
59	0	0	0	0	0	0	0	0	1	0	0	0	0	0	0	0	0	0	0	0	0	0	0	0	0	0	0	0	0	0	0	0	0	0	0	0	0	0	0	0	0	0	0	0	0	0	0	0	0	0	0	0	0	0	0	0	0	0	0	0	0
60	0	0	0.1625	0	0.0625	0.025	0	0	0	0.0375	0	0	0	0	0	0.125	0	0	0.0125	0	0	0	0	0	0	0	0	0	0	0.1375	0	0.025	0.075	0	0	0	0	0	0	0.0125	0	0	0	0	0	0.2125	0	0	0	0	0	0	0.0125	0	0.0875	0.0125	0	0	0	0	0
61	0	0	0.095890411	0	0.04109589	0	0	0	0	0	0	0	0	0	0	0	0	0	0.054794521	0	0	0	0	0	0	0	0.01369863	0	0	0.164383562	0.02739726	0	0.068493151	0	0	0	0.04109589	0	0	0	0	0	0	0	0	0.410958904	0	0	0	0	0.02739726	0	0	0	0	0.01369863	0	0	0	0.02739726	0.01369863
62	0	0	0.046153846	0	0.061538462	0	0	0	0	0.015384615	0	0	0	0	0	0.030769231	0	0	0.030769231	0	0	0	0	0	0	0	0	0	0	0.507692308	0	0.046153846	0.107692308	0	0	0.015384615	0	0	0	0	0	0	0	0	0	0.092307692	0	0	0	0	0	0	0	0	0	0.015384615	0	0	0	0.030769231	0
63	0	0	0.040816327	0	0.020408163	0	0	0	0	0.040816327	0.010204082	0	0	0.010204082	0	0.112244898	0	0.020408163	0.010204082	0	0	0	0	0	0	0	0.030612245	0	0	0.153061224	0.010204082	0.030612245	0.040816327	0	0	0.020408163	0	0	0	0	0	0	0	0	0	0.408163265	0	0	0	0	0	0	0.010204082	0	0.020408163	0	0	0	0	0.010204082	0
64	0	0	0.14	0	0.02	0	0	0	0.8	0	0	0	0	0	0	0.04	0	0	0	0	0	0	0	0	0	0	0	0	0	0	0	0	0	0	0	0	0	0	0	0	0	0	0	0	0	0	0	0	0	0	0	0	0	0	0	0	0	0	0	0	0
65	0	0	0.01	0	0	0	0	0	0.96	0	0	0	0	0	0	0	0	0	0	0	0	0	0	0	0	0	0	0	0	0	0	0.01	0.01	0	0	0.01	0	0	0	0	0	0	0	0	0	0	0	0	0	0	0	0	0	0	0	0	0	0	0	0	0
66	0	0	0	0	0	0	0	0.010989011	0.978021978	0	0	0	0	0	0	0	0	0	0	0	0	0	0	0	0	0	0	0	0	0.010989011	0	0	0	0	0	0	0	0	0	0	0	0	0	0	0	0	0	0	0	0	0	0	0	0	0	0	0	0	0	0	0
67	0	0	0.028169014	0	0	0	0	0	0.929577465	0	0.028169014	0	0	0	0	0	0	0	0	0	0	0	0	0	0	0	0	0	0	0	0	0	0.014084507	0	0	0	0	0	0	0	0	0	0	0	0	0	0	0	0	0	0	0	0	0	0	0	0	0	0	0	0
68	0	0	0.064516129	0	0	0	0	0	0	0.032258065	0	0	0	0	0	0.064516129	0	0	0.032258065	0	0	0	0.032258065	0	0	0	0	0	0	0.161290323	0.032258065	0	0.032258065	0	0	0.032258065	0	0	0	0	0	0	0	0	0	0.451612903	0	0	0	0	0	0	0	0	0	0.064516129	0	0	0	0	0
69	0	0	0.028571429	0	0	0	0	0	0.942857143	0	0	0	0	0	0	0	0	0	0	0	0	0	0	0	0	0	0	0	0	0	0	0	0	0	0	0	0	0	0	0	0	0	0	0	0	0	0	0	0	0	0	0	0	0	0.028571429	0	0	0	0	0	0
70	0	0	0.16	0	0.04	0	0	0	0.8	0	0	0	0	0	0	0	0	0	0	0	0	0	0	0	0	0	0	0	0	0	0	0	0	0	0	0	0	0	0	0	0	0	0	0	0	0	0	0	0	0	0	0	0	0	0	0	0	0	0	0	0
71	0	0	0.025	0	0.075	0	0	0	0	0	0.05	0	0	0	0	0	0	0	0	0	0	0	0	0	0	0	0	0	0	0.025	0.05	0.025	0.05	0	0	0	0.075	0	0	0	0	0	0	0	0	0.575	0	0	0	0	0	0	0.025	0	0	0.025	0	0	0	0	0
72	0	0	0.174603175	0	0	0.015873016	0	0	0	0.031746032	0	0	0	0	0	0.063492063	0	0	0	0	0	0	0	0	0	0	0	0	0	0.015873016	0.015873016	0	0.047619048	0	0	0.015873016	0.079365079	0.015873016	0	0	0	0	0	0	0	0.380952381	0	0	0	0	0	0	0	0	0.126984127	0.015873016	0	0	0	0	0
73	0	0	0.025974026	0	0.012987013	0	0	0	0	0.051948052	0	0	0	0	0	0.103896104	0	0	0.025974026	0	0	0	0	0	0	0	0	0	0	0.194805195	0	0.012987013	0.038961039	0	0	0.012987013	0.025974026	0	0	0	0	0	0	0	0	0.428571429	0	0	0.025974026	0	0	0	0	0	0.038961039	0	0	0	0	0	0
90	0	0	0.131578947	0	0	0	0	0	0.842105263	0	0	0	0	0	0	0.026315789	0	0	0	0	0	0	0	0	0	0	0	0	0	0	0	0	0	0	0	0	0	0	0	0	0	0	0	0	0	0	0	0	0	0	0	0	0	0	0	0	0	0	0	0	0
91	0	0	0.166666667	0	0	0	0	0	0	0	0	0	0	0	0	0	0	0	0	0	0	0	0	0	0	0	0	0	0	0.3	0.033333333	0	0	0	0	0.2	0.033333333	0	0	0	0	0	0	0	0	0.233333333	0	0	0	0	0	0	0	0	0	0.033333333	0	0	0	0	0
92	0	0	0.025641026	0	0.025641026	0	0	0	0	0	0.025641026	0	0	0	0	0.025641026	0	0	0	0	0	0	0	0	0	0	0	0	0	0.282051282	0	0	0.051282051	0.051282051	0	0.102564103	0.025641026	0	0	0	0	0	0	0	0	0.358974359	0	0	0.025641026	0	0	0	0	0	0	0	0	0	0	0	0
93	0	0	0.181818182	0	0	0	0	0	0.818181818	0	0	0	0	0	0	0	0	0	0	0	0	0	0	0	0	0	0	0	0	0	0	0	0	0	0	0	0	0	0	0	0	0	0	0	0	0	0	0	0	0	0	0	0	0	0	0	0	0	0	0	0
94	0	0	0.5	0	0	0	0	0	0.5	0	0	0	0	0	0	0	0	0	0	0	0	0	0	0	0	0	0	0	0	0	0	0	0	0	0	0	0	0	0	0	0	0	0	0	0	0	0	0	0	0	0	0	0	0	0	0	0	0	0	0	0
95	0	0	0.214285714	0	0	0	0	0	0.785714286	0	0	0	0	0	0	0	0	0	0	0	0	0	0	0	0	0	0	0	0	0	0	0	0	0	0	0	0	0	0	0	0	0	0	0	0	0	0	0	0	0	0	0	0	0	0	0	0	0	0	0	0
96	0	0	0.25	0	0	0	0	0	0	0	0	0	0	0	0	0	0	0	0	0	0	0	0	0	0	0	0	0	0	0.28125	0	0	0.0625	0	0	0.03125	0.03125	0	0	0	0	0	0	0	0	0.21875	0	0	0	0	0	0	0	0	0	0.125	0	0	0	0	0
97	0	0	0.459459459	0	0	0	0	0	0	0	0	0	0	0	0	0	0	0	0	0	0	0	0	0	0	0	0	0	0	0	0	0	0.216216216	0	0	0.027027027	0.081081081	0	0	0.027027027	0.027027027	0	0	0	0	0.162162162	0	0	0	0	0	0	0	0	0	0	0	0	0	0	0
98	0	0	0.25	0	0	0	0	0.083333333	0.5	0	0	0	0	0	0	0.083333333	0	0	0	0	0	0	0	0	0	0	0	0	0	0	0	0	0	0	0	0	0	0	0	0	0	0	0	0	0	0	0	0	0	0	0	0	0.083333333	0	0	0	0	0	0	0	0
99	0	0	0	0	0	0	0	0.090909091	0.909090909	0	0	0	0	0	0	0	0	0	0	0	0	0	0	0	0	0	0	0	0	0	0	0	0	0	0	0	0	0	0	0	0	0	0	0	0	0	0	0	0	0	0	0	0	0	0	0	0	0	0	0	0
100	0	0	0.206896552	0.034482759	0.034482759	0	0	0.034482759	0	0	0	0	0	0	0	0	0	0	0	0	0	0	0	0	0	0	0	0	0	0.137931034	0.068965517	0	0.068965517	0	0	0.172413793	0	0	0	0	0	0	0	0	0	0.137931034	0	0	0	0	0	0	0	0	0.068965517	0	0	0	0	0.034482759	0
101	0	0	0.28	0	0	0.04	0	0	0	0	0	0	0	0	0	0	0	0	0	0	0	0	0	0	0	0	0	0	0	0.12	0	0	0.16	0	0	0	0	0	0	0	0.04	0	0	0	0	0.16	0	0	0	0	0	0	0	0	0	0.12	0	0	0	0.08	0
102	0	0	0.428571429	0	0	0	0	0.142857143	0.428571429	0	0	0	0	0	0	0	0	0	0	0	0	0	0	0	0	0	0	0	0	0	0	0	0	0	0	0	0	0	0	0	0	0	0	0	0	0	0	0	0	0	0	0	0	0	0	0	0	0	0	0	0
103	0	0	0.1	0	0	0	0	0	0.6	0	0	0	0	0	0	0	0	0	0	0	0	0	0	0	0	0	0	0	0	0	0	0	0	0	0	0	0	0	0	0	0	0	0	0	0	0.1	0	0	0	0	0	0	0	0	0	0	0	0.2	0	0	0
104	0	0	0.138888889	0	0.027777778	0	0	0	0	0	0	0	0	0	0	0	0	0	0	0	0	0	0	0	0	0	0.027777778	0	0	0.166666667	0	0	0.166666667	0.027777778	0	0.111111111	0	0	0	0	0	0	0	0	0	0.222222222	0	0	0	0	0	0	0	0	0.083333333	0	0	0.027777778	0	0	0
105	0	0	0.361111111	0	0	0	0	0	0	0	0	0	0	0	0	0.027777778	0	0	0.027777778	0	0	0	0	0	0	0	0	0	0	0.027777778	0.027777778	0	0.166666667	0	0	0	0.027777778	0	0	0	0	0	0	0	0	0.194444444	0	0	0	0	0	0	0	0	0.138888889	0	0	0	0	0	0
106	0	0	0.111111111	0	0	0	0	0.111111111	0.555555556	0	0	0	0	0	0	0	0	0	0	0	0	0	0	0	0	0	0	0	0	0	0	0	0	0	0	0	0	0	0	0	0	0	0	0	0	0	0	0	0	0	0	0	0	0	0	0	0.111111111	0.111111111	0	0	0
107	0	0	0.615384615	0	0	0	0	0.230769231	0.076923077	0	0	0	0	0	0	0	0	0	0	0	0	0	0	0	0	0	0	0	0	0	0	0	0	0	0	0	0	0	0	0	0	0	0	0	0	0	0	0	0	0	0	0	0	0	0	0	0.076923077	0	0	0	0
108	0	0	0.233333333	0	0	0	0	0	0	0	0	0	0	0	0	0	0	0	0.066666667	0	0	0	0	0	0	0	0	0	0	0.233333333	0	0	0.066666667	0	0	0.133333333	0	0	0	0	0	0	0	0	0	0.233333333	0	0	0	0	0	0	0	0	0	0	0	0.033333333	0	0	0
109	0	0	0.333333333	0	0	0	0	0.5	0	0	0	0	0	0	0	0	0	0	0	0	0	0	0	0	0	0	0	0	0	0	0	0	0	0	0	0	0	0	0	0	0	0	0	0	0	0	0	0	0	0	0	0	0	0	0	0	0	0.166666667	0	0	0
110	0	0	0.166666667	0	0	0	0	0	0	0	0	0	0	0	0	0	0	0	0.055555556	0	0	0	0	0	0	0	0	0	0	0.055555556	0	0	0.5	0	0	0	0	0	0	0	0	0	0	0	0	0.222222222	0	0	0	0	0	0	0	0	0	0	0	0	0	0	0
111	0	0	0.285714286	0	0	0	0	0.285714286	0	0	0	0	0	0	0	0	0	0	0	0	0	0	0	0	0	0	0	0	0	0	0	0	0	0	0	0	0	0	0	0	0	0	0	0	0	0	0	0	0	0	0	0	0	0	0	0	0	0.428571429	0	0	0
112	0	0	0	0	0	0	0	0	0	0	0	0.103448276	0.034482759	0	0.034482759	0	0	0	0.137931034	0	0	0.034482759	0	0	0	0	0	0	0	0.034482759	0.034482759	0	0	0	0	0	0	0	0	0	0	0	0	0.034482759	0.068965517	0.206896552	0	0	0.034482759	0	0.24137931	0	0	0	0	0	0	0	0	0	0
113	0	0	0.4	0	0	0	0	0	0	0	0	0	0	0	0	0	0	0	0	0	0	0	0	0	0	0	0	0	0	0	0	0	0	0	0	0	0	0	0	0	0	0	0	0	0	0	0	0	0	0	0	0	0.2	0	0	0	0.4	0	0	0	0
114	0	0	0.352941176	0	0	0	0	0.058823529	0	0	0	0	0	0	0	0	0	0	0	0	0	0	0	0	0	0	0	0	0	0	0	0	0	0	0	0	0	0	0	0	0	0	0	0	0	0	0	0	0	0	0	0	0	0	0	0	0.176470588	0.411764706	0	0	0
115	0	0	0.148148148	0	0	0	0	0	0	0	0	0	0	0	0	0	0	0.037037037	0	0	0	0	0	0	0	0	0	0	0	0.37037037	0.037037037	0	0.148148148	0	0	0.037037037	0	0	0	0	0	0	0	0	0	0.222222222	0	0	0	0	0	0	0	0	0	0	0	0	0	0	0
116	0	0	0	0	0	0	0	0	0.75	0	0	0	0	0	0	0	0	0	0	0	0	0	0	0	0	0	0	0	0	0	0	0	0	0	0	0.25	0	0	0	0	0	0	0	0	0	0	0	0	0	0	0	0	0	0	0	0	0	0	0	0	0
117	0	0	0.571428571	0	0	0	0	0	0.428571429	0	0	0	0	0	0	0	0	0	0	0	0	0	0	0	0	0	0	0	0	0	0	0	0	0	0	0	0	0	0	0	0	0	0	0	0	0	0	0	0	0	0	0	0	0	0	0	0	0	0	0	0
118	0	0	0.421052632	0	0	0	0	0	0	0	0	0	0	0	0	0	0	0	0.052631579	0	0	0	0	0	0	0	0	0	0	0	0.052631579	0	0.105263158	0	0	0	0.052631579	0	0	0	0	0	0	0	0	0.210526316	0	0	0	0	0	0	0	0	0	0.052631579	0	0	0.052631579	0	0
119	0	0	0.7	0	0	0	0	0	0	0	0	0.1	0	0	0	0	0	0	0	0	0	0	0	0	0	0	0	0	0	0	0	0	0	0	0	0	0	0	0	0	0	0	0	0	0	0	0	0	0	0	0	0	0.2	0	0	0	0	0	0	0	0
120	0	0	0.375	0	0	0	0	0	0.125	0	0.125	0	0	0	0	0	0	0	0	0	0	0	0	0	0	0	0	0	0	0	0	0	0	0	0	0	0	0	0	0	0	0	0	0	0	0.125	0	0	0	0	0	0	0	0	0	0	0.125	0.125	0	0	0
121	0.075	0	0	0	0.025	0	0	0	0	0	0	0.15	0.05	0.025	0	0	0	0	0.075	0	0	0.025	0	0	0.025	0	0	0.05	0	0	0.025	0	0	0	0	0	0	0	0	0	0	0	0	0	0.025	0.225	0	0	0.025	0	0.175	0	0	0	0	0.025	0	0	0	0	0
122	0	0	0	0	0	0	0	0.111111111	0.111111111	0	0	0	0	0	0	0	0	0	0	0	0	0	0	0	0	0	0	0	0	0	0	0	0	0	0	0	0	0	0	0	0	0	0	0	0	0	0	0	0	0	0	0	0	0	0	0	0.222222222	0.555555556	0	0	0
123	0	0	0.111111111	0	0	0	0	0	0	0	0	0	0	0	0	0	0	0	0.074074074	0	0	0	0	0	0	0	0.037037037	0	0	0.111111111	0.037037037	0	0.111111111	0	0	0.037037037	0	0	0	0	0	0	0	0	0	0.37037037	0	0	0	0	0	0	0	0	0.074074074	0.037037037	0	0	0	0	0
124	0	0	0.25	0	0	0	0	0	0	0	0	0	0	0	0	0	0	0	0.25	0	0	0	0	0	0	0	0	0	0	0	0	0	0	0	0	0	0	0	0	0	0	0	0	0	0	0	0	0	0	0	0	0	0	0	0	0	0.25	0.25	0	0	0
125	0	0	0.666666667	0	0	0	0	0	0	0	0	0	0	0	0	0	0	0	0	0	0	0	0	0	0	0	0	0	0	0	0	0	0.166666667	0	0	0	0	0	0	0	0	0	0	0	0	0	0	0	0	0	0	0	0	0	0	0	0	0.166666667	0	0	0
126	0	0	0.173913043	0	0	0	0	0	0	0	0	0	0	0	0	0	0	0	0.043478261	0	0	0	0	0	0	0	0.043478261	0	0	0.260869565	0	0	0	0	0	0.130434783	0	0	0	0	0	0	0	0	0	0.217391304	0	0	0	0	0	0	0.043478261	0	0.043478261	0.043478261	0	0	0	0	0
127	0	0	0	0	0.166666667	0	0	0	0	0	0	0.222222222	0	0	0	0	0	0	0.166666667	0	0	0.111111111	0	0	0	0	0	0	0	0	0	0	0	0	0	0	0	0	0	0	0	0	0	0.055555556	0	0.111111111	0	0	0	0	0.111111111	0	0	0	0	0.055555556	0	0	0	0	0
128	0	0	1	0	0	0	0	0	0	0	0	0	0	0	0	0	0	0	0	0	0	0	0	0	0	0	0	0	0	0	0	0	0	0	0	0	0	0	0	0	0	0	0	0	0	0	0	0	0	0	0	0	0	0	0	0	0	0	0	0	0
129	0	0	0.25	0	0	0	0	0	0.5	0	0	0	0	0	0	0	0	0	0	0	0	0	0	0	0	0	0	0	0	0	0	0	0	0	0	0	0	0	0	0	0	0	0	0	0	0	0	0	0	0	0	0	0	0	0	0	0.25	0	0	0	0
130	0	0	0.642857143	0	0	0	0	0	0	0	0	0	0	0	0	0	0	0	0	0	0	0	0	0	0	0	0	0	0	0	0	0	0.071428571	0	0	0	0.071428571	0	0	0	0	0	0	0	0	0.071428571	0	0	0	0	0	0	0	0	0.142857143	0	0	0	0	0	0
131	0	0	0.428571429	0	0	0	0	0.142857143	0.285714286	0	0	0	0	0	0	0	0	0	0	0	0	0	0	0	0	0	0	0	0	0	0	0	0	0	0	0	0	0	0	0	0	0	0	0	0	0	0	0	0	0	0	0	0	0	0	0	0	0.142857143	0	0	0
132	0	0	0	0	0	0	0	0.333333333	0	0	0	0	0	0	0	0	0	0	0	0	0	0	0	0	0	0	0	0	0	0	0	0	0	0	0	0	0	0	0	0	0	0	0	0	0	0	0	0	0	0	0	0	0	0	0	0	0.333333333	0.333333333	0	0	0
133	0	0	0.032258065	0	0.064516129	0	0	0	0	0	0	0	0	0	0	0	0	0	0	0	0	0	0	0	0	0	0.032258065	0	0	0.193548387	0	0	0.129032258	0	0	0.096774194	0	0	0	0	0	0	0	0	0	0.322580645	0	0	0	0	0	0	0	0	0.096774194	0.032258065	0	0	0	0	0
134	0	0	0	0	0	0	0	0	0	0	0	0	0	0	0	0	0	0	0	0	0	0	0	0	0	0	0	0	0	0	0	0	0	0	0	0	0	0	0	0	0	0	0	0	0	0	0	0	0	0	0	0	0	0	0	0	0	1	0	0	0
135	0	0	0.75	0	0	0	0	0	0	0	0	0.25	0	0	0	0	0	0	0	0	0	0	0	0	0	0	0	0	0	0	0	0	0	0	0	0	0	0	0	0	0	0	0	0	0	0	0	0	0	0	0	0	0	0	0	0	0	0	0	0	0
136	0.076923077	0	0	0	0	0	0	0	0	0	0	0.076923077	0.076923077	0	0	0	0	0	0.076923077	0	0	0.076923077	0	0	0	0	0	0	0	0	0	0	0	0	0	0	0	0	0	0	0	0	0	0	0.153846154	0.076923077	0	0	0	0	0.384615385	0	0	0	0	0	0	0	0	0	0
137	0	0	0.666666667	0	0	0	0	0	0.333333333	0	0	0	0	0	0	0	0	0	0	0	0	0	0	0	0	0	0	0	0	0	0	0	0	0	0	0	0	0	0	0	0	0	0	0	0	0	0	0	0	0	0	0	0	0	0	0	0	0	0	0	0
138	0	0	0	0	0	0	0	0	1	0	0	0	0	0	0	0	0	0	0	0	0	0	0	0	0	0	0	0	0	0	0	0	0	0	0	0	0	0	0	0	0	0	0	0	0	0	0	0	0	0	0	0	0	0	0	0	0	0	0	0	0
139	0	0	0	0	0	0	0	0	0	0	0	0	0	0	0	0	0	0	0	0	0	0	0	0	0	0	0	0	0	0	0	0	0.5	0	0	0	0	0	0	0	0	0	0	0	0	0	0	0	0	0	0	0	0	0	0	0	0	0.5	0	0	0
140	0	0	0.142857143	0	0	0	0	0.142857143	0	0	0	0	0	0	0	0	0	0	0.142857143	0	0	0	0	0	0	0	0	0	0	0	0	0	0	0	0	0	0	0	0	0	0	0	0	0	0	0.142857143	0	0	0	0	0	0	0	0	0	0	0	0.428571429	0	0	0
141	0	0	0.333333333	0	0	0	0	0	0	0	0	0	0	0	0	0	0	0	0.055555556	0	0	0	0	0	0	0	0	0	0	0.111111111	0	0	0.055555556	0	0	0.055555556	0	0	0	0	0	0	0	0	0	0.222222222	0	0	0.111111111	0	0	0	0	0	0	0	0	0	0	0.055555556	0
142	0	0	0.75	0	0	0	0	0	0	0	0	0	0	0	0	0	0	0	0.25	0	0	0	0	0	0	0	0	0	0	0	0	0	0	0	0	0	0	0	0	0	0	0	0	0	0	0	0	0	0	0	0	0	0	0	0	0	0	0	0	0	0
143	0	0	0	0	0	0	0	0	0	0	0	0	0	0	0	0	0	0	0	0	0	0	0	0	0	0	0	0	0	0	0	0	0	0	0	0.333333333	0	0	0	0	0	0	0	0	0	0	0	0	0	0	0	0	0	0	0	0	0	0.666666667	0	0	0
144	0	0	0.037037037	0	0	0	0	0	0	0	0	0	0	0	0	0	0	0	0	0	0	0	0	0	0	0	0.037037037	0	0	0.185185185	0.037037037	0	0	0	0	0.222222222	0	0	0	0	0	0	0	0	0	0.37037037	0	0	0	0	0	0	0	0	0.037037037	0.074074074	0	0	0	0	0
145	0	0	0	0	0.05	0.05	0	0	0	0	0	0.25	0	0	0.05	0	0	0	0.15	0	0	0	0	0	0	0	0.05	0	0	0	0	0	0	0	0	0	0.05	0	0	0	0	0	0	0	0.1	0.1	0	0	0	0.1	0.05	0	0	0	0	0	0	0	0	0	0
146	0	0	0.555555556	0	0	0	0	0	0.222222222	0	0	0	0	0	0	0	0	0	0	0	0	0	0	0	0	0	0	0	0	0	0	0	0	0	0	0	0	0	0	0	0	0	0	0	0	0.111111111	0	0	0	0	0	0	0	0	0	0	0	0.111111111	0	0	0
147	0	0	0	0	0	0	0	0.333333333	0	0	0	0	0	0	0	0	0	0	0	0	0	0	0	0	0	0	0	0	0	0	0	0	0	0	0	0	0	0	0	0	0	0	0	0	0	0	0	0	0	0	0	0	0	0	0	0	0.333333333	0.333333333	0	0	0
148	0	0	0.066666667	0	0.2	0	0	0	0	0	0	0	0	0	0	0	0	0	0	0	0	0	0	0	0	0	0	0	0	0	0	0	0.333333333	0	0	0	0.266666667	0	0	0	0	0	0	0	0	0.133333333	0	0	0	0	0	0	0	0	0	0	0	0	0	0	0
149	0	0	0	0	0	0	0	0.333333333	0	0	0	0	0	0	0	0	0	0	0	0	0	0	0	0	0	0	0	0	0	0	0	0	0	0	0	0	0	0	0	0	0	0	0	0	0	0	0	0	0	0	0	0	0	0	0	0	0.333333333	0.333333333	0	0	0
150	0	0	0	0	0	0	0	0	0	0	0	0	0	0	0	0	0	0	0	0	0	0	0	0	0	0	0	0	0	0	0	0	0	0	0	0	0	0	0	0	0	0	0	0	0	0	0	0	0	0	0	0	0	0	0	0	1	0	0	0	0
151	0	0	0.058823529	0	0.058823529	0	0	0	0	0	0	0	0	0	0	0	0	0	0	0	0	0	0	0	0	0	0.058823529	0	0	0.411764706	0	0	0.176470588	0	0	0.117647059	0	0	0	0	0	0	0	0	0	0.058823529	0	0	0	0	0	0	0	0	0	0	0	0.058823529	0	0	0
152	0	0	0.6	0	0	0	0	0	0	0	0	0	0	0	0	0	0	0	0	0	0	0	0	0	0	0	0	0	0	0	0	0	0	0	0	0	0	0	0	0	0	0.2	0	0	0	0	0	0	0	0	0	0	0.2	0	0	0	0	0	0	0	0
153	0	0	0.333333333	0	0	0	0	0.333333333	0	0	0	0	0	0	0	0	0	0	0	0	0	0	0	0	0	0	0	0	0	0	0	0	0	0	0	0	0	0	0	0	0	0	0	0	0	0.333333333	0	0	0	0	0	0	0	0	0	0	0	0	0	0	0
154	0	0	1	0	0	0	0	0	0	0	0	0	0	0	0	0	0	0	0	0	0	0	0	0	0	0	0	0	0	0	0	0	0	0	0	0	0	0	0	0	0	0	0	0	0	0	0	0	0	0	0	0	0	0	0	0	0	0	0	0	0
155	0	0	0	0	0	0	0	0.166666667	0.333333333	0	0	0	0	0	0	0	0	0	0	0	0	0	0	0	0	0	0	0	0	0	0	0	0	0	0	0	0	0	0	0	0	0	0	0	0	0	0	0	0	0	0	0	0	0	0	0.166666667	0.166666667	0.166666667	0	0	0
156	0.066666667	0	0	0.066666667	0	0	0	0	0	0	0	0.2	0	0	0	0	0	0	0.2	0	0	0	0	0	0	0	0	0	0	0	0	0	0	0	0	0	0	0	0	0	0	0	0	0.066666667	0.066666667	0.2	0	0	0	0.066666667	0	0	0	0	0	0.066666667	0	0	0	0	0
157	0	0	0	0	0	0	0	0	0	0	0	0	0	0	0	0	0	0	0	0	0	0	0	0	0	0	0	0	0	0	0	0	0	0	0	0	1	0	0	0	0	0	0	0	0	0	0	0	0	0	0	0	0	0	0	0	0	0	0	0	0
158	0	0	0	0	0	0	0	0	0	0	0	0	0	0	0	0	0	0	0	0	0	0	0	0	0	0	0	0	0	0	0	0	0	0	0	0	0	0	0	0	0	0	0	0	0	0.333333333	0	0	0	0	0	0	0	0	0	0	0	0.666666667	0	0	0
159	0	0	0	0	0	0	0	0	0	0	0	0	0	0	0	0	0	0	0.071428571	0	0	0	0	0	0	0	0.071428571	0	0	0.071428571	0.142857143	0	0.071428571	0	0	0.142857143	0.071428571	0	0	0	0	0	0	0	0	0.142857143	0	0	0.142857143	0	0	0	0	0	0.071428571	0	0	0	0	0	0
162	0	0	0.25	0	0	0	0	0	0	0	0	0	0	0	0	0	0	0	0	0	0	0	0	0	0	0	0	0	0	0	0	0	0	0	0	0	0	0	0	0	0	0	0	0	0	0	0	0	0	0	0	0	0	0	0	0	0.25	0.5	0	0	0
163	0	0	0	0	0	0	0	0	0	0	0	0	0	0	0	0	0	0	0	0	0	0	0	0	0	0	0	0	0	0	0	0	0	0	0	0	0	0	0	0	0	0	0	0	0	0	0	0	0	0	0	0	0	0	0	0	0.6	0.4	0	0	0
164	0.05	0	0	0.016666667	0.066666667	0.016666667	0	0	0	0	0	0.166666667	0.016666667	0	0	0	0	0	0.05	0.016666667	0	0.016666667	0	0	0	0	0	0	0	0	0.016666667	0	0	0	0	0	0	0	0	0	0	0	0	0	0.066666667	0.116666667	0	0.016666667	0.233333333	0.05	0.083333333	0	0	0	0	0	0	0	0	0	0
165	0	0	0.2	0	0	0	0	0	0	0	0	0	0	0	0	0	0	0	0	0	0	0	0	0	0	0	0	0	0	0	0	0	0	0	0	0	0	0	0	0	0	0	0	0	0	0	0	0	0	0	0	0	0	0	0	0	0.2	0.6	0	0	0
166	0	0	1	0	0	0	0	0	0	0	0	0	0	0	0	0	0	0	0	0	0	0	0	0	0	0	0	0	0	0	0	0	0	0	0	0	0	0	0	0	0	0	0	0	0	0	0	0	0	0	0	0	0	0	0	0	0	0	0	0	0
167	0	0	0.25	0	0.107142857	0	0	0	0	0	0	0	0	0	0	0	0	0	0	0	0	0	0	0	0	0	0	0	0	0	0.035714286	0	0.107142857	0	0	0.107142857	0.142857143	0	0	0	0	0.035714286	0	0	0	0.107142857	0	0	0.035714286	0	0	0	0	0	0	0.035714286	0	0	0	0	0.035714286
168	0	0	1	0	0	0	0	0	0	0	0	0	0	0	0	0	0	0	0	0	0	0	0	0	0	0	0	0	0	0	0	0	0	0	0	0	0	0	0	0	0	0	0	0	0	0	0	0	0	0	0	0	0	0	0	0	0	0	0	0	0
169	0	0	0	0	0	0	0	0	0	0	0	0	0	0	0	0	0	0	0	0	0	0	0	0	0	0	1	0	0	0	0	0	0	0	0	0	0	0	0	0	0	0	0	0	0	0	0	0	0	0	0	0	0	0	0	0	0	0	0	0	0
170	0	0	0	0	0	0	0	0	0	0	0	0	0	0	0	0	0	0	0	0	0	0	0	0	0	0	0	0	0	0	0	0	0	0	0	0	0	0	0	0	0	1	0	0	0	0	0	0	0	0	0	0	0	0	0	0	0	0	0	0	0
171	0	0	0	0	0	0	0	0	0	0	0	0	0	0	0	0	0	0	0	0	0	0	0	0	0	0	0	0	0	0	0	0	0	0	0	0	0	0	0	0	0	0.5	0	0	0	0	0	0	0	0	0	0	0	0	0	0	0	0.5	0	0	0
174	0	0	0	0.019607843	0.137254902	0	0	0	0	0	0	0.274509804	0	0	0	0	0	0	0.137254902	0	0	0.098039216	0	0	0	0	0	0	0	0	0	0	0	0	0	0	0	0	0	0	0	0	0	0.098039216	0.137254902	0.078431373	0	0	0	0.019607843	0	0	0	0	0	0	0	0	0	0	0
175	0	0	0.75	0	0	0	0	0	0	0	0	0	0	0	0	0	0	0	0	0	0	0	0	0	0	0	0	0	0	0	0	0	0.25	0	0	0	0	0	0	0	0	0	0	0	0	0	0	0	0	0	0	0	0	0	0	0	0	0	0	0	0
176	0	0	0	0	0	0	0	0	0	0	0	0	0	0	0	0	0	0	0	0	0	0	0	0	0	0	0	0	0	0	0	0	0	0	0	0	0	0	0	0	0	0	0	0	0	0	0	0	0	0	0	0	0	0	0	1	0	0	0	0	0
177	0	0	1	0	0	0	0	0	0	0	0	0	0	0	0	0	0	0	0	0	0	0	0	0	0	0	0	0	0	0	0	0	0	0	0	0	0	0	0	0	0	0	0	0	0	0	0	0	0	0	0	0	0	0	0	0	0	0	0	0	0
178	0	0	0	0	0.166666667	0	0	0	0	0	0	0	0	0	0	0	0	0	0.111111111	0	0	0	0	0	0	0	0	0	0	0.111111111	0.055555556	0	0	0	0	0.111111111	0.111111111	0	0	0	0	0	0	0	0	0.166666667	0	0	0.055555556	0	0	0	0	0	0	0.111111111	0	0	0	0	0
179	0	0	0.333333333	0	0	0	0	0.333333333	0	0	0	0	0	0	0	0	0	0	0	0	0	0	0	0	0	0	0	0	0	0	0	0	0	0	0	0	0	0	0	0	0	0	0	0	0	0	0	0	0	0	0	0	0	0	0	0	0	0.333333333	0	0	0
180	0	0	0	0	0	0	0	0	0	0	0	0	0	0	0	0	0	0	0	0	0	0	0	0	0	0	0	0	0	0	0	0	0	0	0	0	0	0	0	0	0	0	0	0	0	0	0	0	0.333333333	0	0	0	0	0	0	0	0	0.666666667	0	0	0
181	0	0	0	0	0	0	0	0.5	0	0	0	0	0	0	0	0	0	0	0	0	0	0	0	0	0	0	0	0	0	0	0	0	0	0	0	0	0	0	0	0	0.5	0	0	0	0	0	0	0	0	0	0	0	0	0	0	0	0	0	0	0	0
182	0	0	0	0	0	0	0	0	0	0	0	0	0	0	0	0	0	0	0	0	0	0	0	0	0	0	0	0	0	0	0	0	0	0	0	0	0	0	0	0	0	0	0	0	0	0	0	0	0	0	0	0	0	0	0	0	0	1	0	0	0
183	0	0	0	0	0	0	0	0	0	0	0	0	0	0	0	0	0	0	0	0	0	0	0	0	0	0	0	0	0	0	0	0	0	0	0	0	0	0	0	0	0	0	0	0	0	0	0	0	0	0	0	0	0	0	0	0	0	1	0	0	0
184	0	0	0	0	0	0	0	0	0	0	0	0	0	0	0	0	0	0	0	0	0	0	0	0	0	0	0	0	0	0	0	0	0	0	0	0	0	0	0	0	0	0	0	0	0	0	0	0	0	0	0	0	0	0	0	0	0.75	0.25	0	0	0
185	0	0	0.6	0	0	0	0	0	0	0	0	0	0	0	0	0	0	0	0	0	0.2	0	0	0	0	0	0	0	0	0	0	0	0	0	0	0	0.2	0	0	0	0	0	0	0	0	0	0	0	0	0	0	0	0	0	0	0	0	0	0	0	0
186	0	0	0	0	0	0	0	0	0	0	0.25	0.5	0	0	0	0	0	0	0	0	0	0	0	0	0	0	0	0	0	0	0	0	0	0	0	0	0	0	0	0	0	0	0	0	0	0	0	0	0	0	0	0	0	0	0	0.25	0	0	0	0	0
187	0	0	1	0	0	0	0	0	0	0	0	0	0	0	0	0	0	0	0	0	0	0	0	0	0	0	0	0	0	0	0	0	0	0	0	0	0	0	0	0	0	0	0	0	0	0	0	0	0	0	0	0	0	0	0	0	0	0	0	0	0
189	0	0	0	0	0	0	0	0	0	0	0	0	0	0	0	0	0	0	0	0	0	0	0	0	0	0	0	0	0	0	0	0	0	0	0	0	0	0	0	0	0	0	0	0	0	0	0	0	0	0	0	0	1	0	0	0	0	0	0	0	0
190	0	0	0	0	0.090909091	0	0	0	0	0	0	0	0	0	0	0	0	0	0	0	0	0	0	0	0	0	0	0	0	0.363636364	0	0	0	0	0	0.454545455	0	0	0	0	0	0	0	0	0	0	0	0	0.090909091	0	0	0	0	0	0	0	0	0	0	0	0
191	0	0	0.166666667	0	0	0	0	0	0	0	0	0	0	0	0	0	0	0	0.166666667	0	0	0	0	0	0	0	0	0	0	0	0	0	0.333333333	0	0	0.166666667	0.166666667	0	0	0	0	0	0	0	0	0	0	0	0	0	0	0	0	0	0	0	0	0	0	0	0
192	0	0	0	0	0	0	0	0	0	0	0	0	0	0	0	0	0	0	0	0	0	0	0	0	0	0	0	0	0	0	0	0	0	0	0	0	0	0	0	0	0	0	0	0	0	0	0	0	0	0	0	0	0	0	0	0	0	1	0	0	0
194	0	0	0	0	0	0	0	0	0	0	0	0	0	0	0	0	0	0.166666667	0	0	0	0	0	0	0	0	0.166666667	0	0	0.166666667	0	0	0	0	0	0.5	0	0	0	0	0	0	0	0	0	0	0	0	0	0	0	0	0	0	0	0	0	0	0	0	0
195	0	0	1	0	0	0	0	0	0	0	0	0	0	0	0	0	0	0	0	0	0	0	0	0	0	0	0	0	0	0	0	0	0	0	0	0	0	0	0	0	0	0	0	0	0	0	0	0	0	0	0	0	0	0	0	0	0	0	0	0	0
197	0	0	0	0	0	0	0	0	0	0	0	0	0	0	0	0	0	0	0	0	0	0	0	0	0	0	0	0	0	0	0	0	0	0	0	0	0	0	0	0	0	0	0	0	0	0	0	0	0	0	0	0	0	0	0	0	0	1	0	0	0
215	0	0	0	0	0	0	0	0	0	0	0	0	0	0	0	0	0	0	0	0	0	0	0	0	0	0	0	0	0	0	0	0	0	0	0	0	0	0	0	0	0	0	0	0	0	0	0	0	0	0	0	0	0	0	0	0	1	0	0	0	0
216	0	0	0	0	0	0	0	0	0	0	0	0	0	0	0	0	0	0	0	0.25	0	0	0	0	0	0	0	0	0	0	0	0	0	0	0	0	0	0	0	0	0	0	0	0	0	0	0	0	0	0	0	0	0	0	0	0	0	0.75	0	0	0
217	0	0	0	0	0.176470588	0	0	0	0	0	0	0.058823529	0	0	0	0	0	0	0.058823529	0	0	0	0	0	0	0	0	0	0	0.352941176	0	0	0	0	0	0	0	0	0	0	0	0	0	0	0	0.058823529	0.117647059	0	0	0	0	0	0	0	0	0.058823529	0	0.058823529	0	0.058823529	0
218	0	0	0	0	0	0	0	0	0	0	0	0	0	0	0	0	0	0	0	0	0	0	0	0	0	0	0	0	0	0	0	0	0	0	0	0.5	0	0.5	0	0	0	0	0	0	0	0	0	0	0	0	0	0	0	0	0	0	0	0	0	0	0
220	0	0	0	0	0	0	0	0	0.1	0	0	0.1	0	0.3	0	0	0	0	0	0	0.3	0	0	0	0	0	0	0.2	0	0	0	0	0	0	0	0	0	0	0	0	0	0	0	0	0	0	0	0	0	0	0	0	0	0	0	0	0	0	0	0	0
221	0	0	0	0	0.076923077	0	0	0	0	0	0	0.076923077	0	0	0	0	0	0	0.230769231	0	0	0.307692308	0	0	0	0	0	0	0	0	0	0	0	0	0	0.076923077	0	0	0	0	0	0	0	0.076923077	0	0.076923077	0	0	0.076923077	0	0	0	0	0	0	0	0	0	0	0	0
222	0	0	0.5	0	0	0	0	0	0.5	0	0	0	0	0	0	0	0	0	0	0	0	0	0	0	0	0	0	0	0	0	0	0	0	0	0	0	0	0	0	0	0	0	0	0	0	0	0	0	0	0	0	0	0	0	0	0	0	0	0	0	0
223	0	0	0	0	0	0	0	0	0.5	0	0	0	0	0	0	0	0	0	0	0	0	0	0	0	0	0	0	0	0	0	0	0	0	0	0	0	0	0	0	0	0	0	0.5	0	0	0	0	0	0	0	0	0	0	0	0	0	0	0	0	0	0
224	0	0	0	0	0	0	0	0	0	0	0	0	0	0	0	0	0	0	0	0	0	0	0	0	0	0	0	0	0	0.75	0	0	0	0	0	0	0.25	0	0	0	0	0	0	0	0	0	0	0	0	0	0	0	0	0	0	0	0	0	0	0	0
225	0	0	0	0	0	0	0	0	0.083333333	0	0	0.083333333	0	0	0	0	0	0	0	0.083333333	0.333333333	0	0	0	0	0	0	0.166666667	0	0	0	0	0	0	0	0	0	0	0	0	0	0	0	0	0	0	0	0	0	0	0	0	0	0	0	0	0.25	0	0	0	0
226	0	0	0	0	0.114285714	0.028571429	0	0	0	0	0	0.171428571	0	0	0	0	0	0.028571429	0.142857143	0	0	0.028571429	0	0	0.085714286	0	0	0.028571429	0	0	0.028571429	0	0	0	0	0	0	0	0	0	0	0	0	0	0	0.342857143	0	0	0	0	0	0	0	0	0	0	0	0	0	0	0
227	0	0	0	0	0.3125	0	0	0	0	0	0	0	0	0	0	0	0	0	0.0625	0	0	0	0	0	0	0	0	0	0	0.125	0.125	0	0	0	0	0.125	0.0625	0	0	0	0	0	0	0.0625	0	0.0625	0	0	0	0	0	0	0	0	0.0625	0	0	0	0	0	0
229	0	0	0	0	0.3	0	0	0	0	0	0	0	0	0	0	0	0	0	0	0	0	0	0	0	0	0	0	0	0	0.6	0	0	0	0	0	0	0	0	0	0	0	0	0	0	0	0	0	0	0.1	0	0	0	0	0	0	0	0	0	0	0	0
230	0	0	0	0	0	0	0	0	0	0	0	0.083333333	0	0.166666667	0	0	0	0	0	0	0.666666667	0	0	0	0	0	0	0	0	0	0	0	0	0	0	0	0	0	0	0	0	0	0	0	0	0	0	0	0	0	0	0.083333333	0	0	0	0	0	0	0	0	0
231	0.0625	0	0.125	0	0	0	0	0	0	0	0	0	0	0	0	0	0	0	0	0	0	0	0	0	0	0	0	0	0	0.375	0	0	0	0	0	0	0.3125	0	0	0	0	0	0	0	0	0	0	0	0	0	0	0	0	0	0.125	0	0	0	0	0	0
233	0	0	0	0	0.037037037	0	0	0	0	0	0	0.222222222	0.037037037	0	0	0	0	0	0.111111111	0	0	0.074074074	0	0	0.074074074	0	0	0	0	0.037037037	0.037037037	0	0	0	0	0	0	0	0	0	0	0	0	0.037037037	0	0.259259259	0	0	0.074074074	0	0	0	0	0	0	0	0	0	0	0	0
234	0	0	0.333333333	0	0	0	0	0	0	0	0	0	0	0	0	0	0	0	0	0.166666667	0.166666667	0	0	0	0	0.166666667	0	0	0	0	0	0	0	0	0	0	0	0.166666667	0	0	0	0	0	0	0	0	0	0	0	0	0	0	0	0	0	0	0	0	0	0	0
235	0	0	0	0.04	0.12	0	0	0	0	0	0	0.16	0.04	0	0	0	0	0	0.2	0	0	0	0.28	0	0	0	0	0	0	0	0	0	0	0	0	0	0	0	0	0	0	0	0	0	0	0.12	0	0	0.04	0	0	0	0	0	0	0	0	0	0	0	0
1b	0	0.058823529	0	0	0	0	0	0	0	0	0	0	0	0	0	0	0.117647059	0	0	0	0	0	0.117647059	0	0	0	0	0	0.058823529	0	0	0	0	0	0	0	0	0	0.058823529	0	0	0	0	0	0.117647059	0.058823529	0	0	0	0.294117647	0	0	0	0.058823529	0	0	0	0	0.058823529	0	0
2b	0	0	0	0	0	0.028571429	0	0	0	0	0	0	0	0	0	0	0.028571429	0	0	0	0	0	0	0.2	0	0	0	0	0	0	0	0	0	0	0	0	0	0	0	0	0	0	0	0.371428571	0.142857143	0.2	0.028571429	0	0	0	0	0	0	0	0	0	0	0	0	0	0
3b	0	0	0	0	0	0	0	0	0	0	0	0	0	0	0	0	0	0	0	0	0	0	0	0	0	0	0	0	0	0	0	0	0	0	0	0	0	0	0	0	0	0	0	0	0	0	0	0	0	0	0	0	0	0	0	0	1	0	0	0	0
4b	0	0	0	0	0	0.2	0	0	0	0	0	0	0	0	0	0	0	0	0	0	0	0	0	0	0	0	0	0	0	0.4	0	0	0	0	0	0	0	0	0	0	0	0	0	0.2	0	0	0.2	0	0	0	0	0	0	0	0	0	0	0	0	0	0
5b	0	0	0	0	0	0	0	0	0	0	0	0	0	0	0	0	0	0	0	0	0	0	0	0	0	0	0	0	0	0	0	0	0	0	0	0	0	0	0	0	0	0	0	1	0	0	0	0	0	0	0	0	0	0	0	0	0	0	0	0	0
6b	0	0	0	0	0	0.025641026	0	0	0	0	0	0	0.025641026	0	0	0	0.205128205	0	0.076923077	0	0	0	0.076923077	0.205128205	0	0	0	0	0	0	0	0	0	0	0	0	0	0	0	0	0	0	0	0.153846154	0.205128205	0	0	0	0	0	0	0	0	0.025641026	0	0	0	0	0	0	0
7b	0	0	0	0	0	0	0	0	0	0	0	0	0	0	0	0	0	0	0	0	0	0	0	0	0	0	0	0	0	0.333333333	0	0	0	0	0	0	0	0.166666667	0	0	0	0	0	0.166666667	0.333333333	0	0	0	0	0	0	0	0	0	0	0	0	0	0	0	0
1	0	0	0	0	0	0	0	0	1	0	0	0	0	0	0	0	0	0	0	0	0	0	0	0	0	0	0	0	0	0	0	0	0	0	0	0	0	0	0	0	0	0	0	0	0	0	0	0	0	0	0	0	0	0	0	0	0	0	0	0	0
2	0	0	0	0	0	0	0	0	1	0	0	0	0	0	0	0	0	0	0	0	0	0	0	0	0	0	0	0	0	0	0	0	0	0	0	0	0	0	0	0	0	0	0	0	0	0	0	0	0	0	0	0	0	0	0	0	0	0	0	0	0
3	0	0	0	0	0	0	0	0	0	0	0	0	0	0	0	0	0	0	0	0	0	0	0.5	0	0	0	0	0	0	0	0	0	0	0	0	0	0	0	0	0	0	0	0	0	0	0.5	0	0	0	0	0	0	0	0	0	0	0	0	0	0	0
4	0	0	0	0	0	0	0	0	0	0	0	0	0	0	0	0	0	0	0	0	0	0	0	0.25	0	0	0	0	0	0	0	0	0.125	0	0	0	0	0	0	0	0	0	0	0	0	0.625	0	0	0	0	0	0	0	0	0	0	0	0	0	0	0
6	0	0	0	0	0	0	0	0	0	0	0	0	0	0	0	0	0	0	0	0	0	0	0.25	0.333333333	0	0	0	0	0	0	0	0	0	0	0	0	0	0	0	0	0	0	0	0	0	0.416666667	0	0	0	0	0	0	0	0	0	0	0	0	0	0	0
7	0	0	0	0	0	0	0	0	0	0	0	0.333333333	0	0	0	0	0	0	0	0	0	0	0	0	0	0	0	0	0	0	0	0	0	0	0	0	0	0	0	0	0	0	0	0	0	0.333333333	0	0	0	0	0	0	0	0.333333333	0	0	0	0	0	0	0
8	0	0	0	0	0	0	0	0	1	0	0	0	0	0	0	0	0	0	0	0	0	0	0	0	0	0	0	0	0	0	0	0	0	0	0	0	0	0	0	0	0	0	0	0	0	0	0	0	0	0	0	0	0	0	0	0	0	0	0	0	0
10	0	0	0	0	0	0	0.142857143	0	0	0	0	0	0	0	0	0	0	0	0	0	0	0	0	0	0	0	0	0	0	0.571428571	0	0	0	0	0	0	0.142857143	0	0	0	0	0	0	0	0	0	0	0	0	0	0	0	0	0	0.142857143	0	0	0	0	0	0
11	0	0	0	0	0	0	0	0	0	0	0	0	0	0	0	0	0	0	0	0	0	0	0	0	0	0	0	0	0	0.5	0	0	0	0	0.166666667	0	0	0	0	0	0	0	0	0	0	0	0	0	0	0	0	0	0	0	0.333333333	0	0	0	0	0	0
12	0	0	0	0	0	0	0	0	0	0	0	0	0	0	0	0	0	0	0	0	0	0	0	0	0	0	0	0	0	0.9375	0	0	0	0	0	0	0	0	0	0	0	0	0	0	0	0.0625	0	0	0	0	0	0	0	0	0	0	0	0	0	0	0
13	0	0	0	0	0	0	0	0	0	0	0	0	0	0	0	0	0	0	0	0	0	0	0	0	0	0	0	0	0	0	0	0	0	0	0	0	0	0	0	0	0	0	0	0	0	1	0	0	0	0	0	0	0	0	0	0	0	0	0	0	0
18	0	0	0	0	0	0	0	0	0	0	0	0	0	0	0	0	0	0	0	0	0	0	0	0	0	0	0	0	0	0	0	0	0	0	0	0	0	0	0	0	0	0	0	0	0	0	0	0	0	0	0	0	0	0	1	0	0	0	0	0	0
19	0	0	0	0	0	0	0	0	0	0	0	0	0	0	0	0	0	0	0	0	0	0	0	0	0	0	0	0	0	1	0	0	0	0	0	0	0	0	0	0	0	0	0	0	0	0	0	0	0	0	0	0	0	0	0	0	0	0	0	0	0
22	0	0	0	0	0	0	0	0	0	0	0	0	0	0	0	0	0	0	0	0	0	0	0	0	0	0	0	0	0	0.8	0	0	0	0	0	0	0	0	0	0	0	0	0	0	0	0.2	0	0	0	0	0	0	0	0	0	0	0	0	0	0	0